R	8.46642	0.0287602	-3.04035	1477010443399637	8.6	0.25	-3.00029	0
L	8.44818	0.251553	1477010443449633	8.45	0.25	-3.00027	0
R	8.57101	0.0282318	-0.0105258	1477010443499690	8.45	0.25	0	0
L	8.45582	0.253997	1477010443549747	8.45	0.25	0	0
R	8.42927	0.0301427	-1.85813	1477010443604698	8.35	0.25	-1.81979	0
L	8.23962	0.24916	1477010443659650	8.25	0.25	-1.81978	0
R	7.9351	0.0237437	-3.81077	1477010443709653	8.05	0.2	-3.99976	-0.99994
L	7.84073	0.159858	1477010443759657	7.85	0.15	-3.99972	-0.99993
R	7.61428	0.0204653	-3.22052	1477010443809660	7.7	0.15	-2.99982	0
L	7.54016	0.159641	1477010443859663	7.55	0.15	-2.99982	0
R	7.50876	0.0127032	-1.89765	1477010443914714	7.45	0.100001	-1.8165	-0.908239
L	7.3426	0.0345312	1477010443969766	7.35	0.0500011	-1.81648	-0.90823
R	7.20598	0.000683772	-2.79536	1477010444024741	7.2	9.49949e-07	-2.72851	-0.909507
L	7.05406	-0.0533413	1477010444079717	7.05	-0.0499992	-2.72849	-0.909499
R	6.74737	-0.0212224	-1.67069	1477010444134693	6.95	-0.15	-1.81898	-1.81898
L	6.84972	-0.258748	1477010444189670	6.85	-0.25	-1.81896	-1.81897
R	6.67866	-0.0519302	-2.02379	1477010444239651	6.75	-0.349999	-2.00076	-2.00075
L	6.64329	-0.462604	1477010444289632	6.65	-0.449999	-2.00076	-2.00075
R	6.63205	-0.0840904	-0.81497	1477010444339690	6.6	-0.549999	-0.998836	-1.99769
